0.000000000000000000e+00
0.000000000000000000e+00
0.000000000000000000e+00
0.000000000000000000e+00
0.000000000000000000e+00
0.000000000000000000e+00
0.000000000000000000e+00
0.000000000000000000e+00
0.000000000000000000e+00
0.000000000000000000e+00
0.000000000000000000e+00
6.327076769320101601e-03
3.404050221982259927e-01
4.422408941420539197e-01
4.903274987950719810e-01
7.150387980126008403e-01
5.022139429072787209e-01
5.469901124274290094e-02
1.950979618363002377e-01
3.131612271812194703e-01
4.141713081105494743e-01
3.604983316840648655e-01
6.770091161393884671e-02
2.490241160118503716e-01
6.780924679969326796e-01
5.249639420804022016e-01
7.992677345934381949e-02
2.080110209973197732e-01
3.159317172810635621e-01
4.219817014153911527e-01
6.900898433710767055e-01
4.996540035213532516e-01
3.862924390700560595e-01
2.899924185105051677e-01
2.665133034789737149e-02
2.292079577641423782e-01
6.776301836468314743e-01
8.421686044560487971e-01
5.090129135297219998e-01
1.741473742867234373e-02
1.657886275153176714e-01
2.995360153649068158e-01
4.091383881251507981e-01
3.653420919178633763e-01
3.973175310444897468e-01
3.380920964497707848e-01
5.960912993429362539e-02
2.444917965594873011e-01
6.830499661979982928e-01
8.435884891970739652e-01
5.093997760954902532e-01
1.752847539593964388e-02
1.657886275153176714e-01
2.902727457000721656e-01
6.873336592692481928e-02
-7.689880222419057110e-02
-8.668289098126208403e-02
-5.012669363476168760e-02
-2.093109728104641104e-02
-7.016837053955790951e-03
-1.983917068557174666e-03
-5.006005330355500771e-04
-1.137379672673025077e-04
0.000000000000000000e+00
0.000000000000000000e+00
0.000000000000000000e+00
0.000000000000000000e+00
0.000000000000000000e+00
0.000000000000000000e+00
0.000000000000000000e+00
0.000000000000000000e+00
0.000000000000000000e+00
6.327076769320101601e-03
3.467320989675460874e-01
7.740395416414271867e-01
5.858362939695798133e-01
4.334660951103734283e-01
3.109235157915516412e-01
3.251581512071860525e-02
2.311918748326995399e-01
6.718037074105469575e-01
5.230937629791123644e-01
7.942617292630828330e-02
2.078972830300524488e-01
3.159317172810635621e-01
4.156546246460710581e-01
3.608851942498331189e-01
6.775501343676582078e-02
2.426970392425302492e-01
3.440145225680266705e-01
4.357822236752145195e-01
6.934053937038587856e-01
4.948102432875547407e-01
5.260135620691841485e-02
1.945973613032647154e-01
3.131071253583925240e-01
4.204983848798695134e-01
6.898835646943648481e-01
4.932131887847658325e-01
5.221449364115017533e-02
1.944836233359973909e-01
3.040732679598955324e-01
8.719733913222710298e-02
2.649895365095570887e-01
3.559448657265600890e-01
4.403145431275775623e-01
6.949191079434910989e-01
4.951971058533229941e-01
5.271509417418572541e-02
1.945973613032647154e-01
3.040732679598955324e-01
8.719733913222710298e-02
2.649895365095570887e-01
3.559448657265600890e-01
4.339874663582574676e-01
3.672876928034860544e-01
5.928328848058915523e-02
-9.720738242266020734e-02
-9.811263360675998024e-02
-5.454527511985744759e-02
-2.230067584930073288e-02
-7.403699619724039144e-03
-2.097655035824476984e-03
-5.006005330355500771e-04
-1.137379672673025077e-04
0.000000000000000000e+00
0.000000000000000000e+00
0.000000000000000000e+00
0.000000000000000000e+00
0.000000000000000000e+00
0.000000000000000000e+00
0.000000000000000000e+00
