0.000000000000000000e+00
0.000000000000000000e+00
0.000000000000000000e+00
0.000000000000000000e+00
0.000000000000000000e+00
0.000000000000000000e+00
0.000000000000000000e+00
0.000000000000000000e+00
0.000000000000000000e+00
0.000000000000000000e+00
0.000000000000000000e+00
6.272212701536083665e-03
3.054125354179345053e-01
3.781119016199267491e-01
1.268254683918765002e-01
2.618886867326747359e-01
3.169970885949955353e-01
3.912398077036866040e-01
6.113982232981962639e-01
4.253850695244647540e-01
4.061538593109641909e-02
1.829300973536343855e-01
5.691498458566159879e-01
4.448321711563213432e-01
3.560505632702722911e-01
2.595236201901501838e-01
2.892415637663761988e-02
2.092226196846587172e-01
5.927290768827786493e-01
4.563580741769477367e-01
3.691823411010461409e-01
5.556648549141049998e-01
3.947678032204972598e-01
3.235999699627815085e-01
2.437926927795844578e-01
4.586934129017646369e-03
-1.040538588148893079e-01
-9.122017142923011246e-02
-4.240339042263788216e-02
2.858807213944294379e-01
3.779699336986616642e-01
4.304536588510967099e-01
6.249131400114272816e-01
4.374540369960175923e-01
3.390907176152705427e-01
2.497820621282380860e-01
2.507182861186723136e-02
2.080557005787288527e-01
5.924005728979495622e-01
4.562617668876293719e-01
3.587702316600345220e-01
2.607868465853985240e-01
2.909912665409006283e-02
2.030467142724410867e-01
2.873165414648441995e-01
7.197395985548490915e-02
-6.305566270876486468e-02
-7.380120634926845558e-02
-4.278254106483876662e-02
-1.784377635410921287e-02
-5.989369348653640276e-03
-1.688037669395883646e-03
-4.248112741475629770e-04
-9.630728931843841314e-05
0.000000000000000000e+00
0.000000000000000000e+00
0.000000000000000000e+00
0.000000000000000000e+00
0.000000000000000000e+00
0.000000000000000000e+00
0.000000000000000000e+00
0.000000000000000000e+00
0.000000000000000000e+00
0.000000000000000000e+00
0.000000000000000000e+00
0.000000000000000000e+00
0.000000000000000000e+00
0.000000000000000000e+00
0.000000000000000000e+00
0.000000000000000000e+00
0.000000000000000000e+00
0.000000000000000000e+00
0.000000000000000000e+00
0.000000000000000000e+00
0.000000000000000000e+00
0.000000000000000000e+00
0.000000000000000000e+00
0.000000000000000000e+00
0.000000000000000000e+00
0.000000000000000000e+00
0.000000000000000000e+00
0.000000000000000000e+00
0.000000000000000000e+00
0.000000000000000000e+00
0.000000000000000000e+00
0.000000000000000000e+00
0.000000000000000000e+00
0.000000000000000000e+00
0.000000000000000000e+00
0.000000000000000000e+00
0.000000000000000000e+00
0.000000000000000000e+00
0.000000000000000000e+00
0.000000000000000000e+00
0.000000000000000000e+00
0.000000000000000000e+00
0.000000000000000000e+00
0.000000000000000000e+00
0.000000000000000000e+00
0.000000000000000000e+00
0.000000000000000000e+00
0.000000000000000000e+00
0.000000000000000000e+00
0.000000000000000000e+00
0.000000000000000000e+00
0.000000000000000000e+00
0.000000000000000000e+00
0.000000000000000000e+00
0.000000000000000000e+00
0.000000000000000000e+00
0.000000000000000000e+00
0.000000000000000000e+00
0.000000000000000000e+00
0.000000000000000000e+00
0.000000000000000000e+00
0.000000000000000000e+00
0.000000000000000000e+00
0.000000000000000000e+00
0.000000000000000000e+00
0.000000000000000000e+00
0.000000000000000000e+00
0.000000000000000000e+00
